imox - Characters "I", "M", "O", "X"
  8  192    4
(8F5.0,I7)
  11.  11.   5.   6.  10.  10.   5.   5.      1
   9.   6.   5.   6.   9.  10.   5.   6.      1
   7.   7.   7.   6.   8.  11.   6.   5.      1
   6.  12.  13.   5.   8.  12.   5.   6.      1
  10.  12.  11.   4.   9.  11.   2.   4.      1
   3.  11.   3.   4.  10.  11.   3.   2.      1
   6.   6.   6.   6.  10.  10.   5.   5.      1
   5.   6.  11.   5.  10.  11.   4.   4.      1
   5.   6.  11.   7.  10.  11.   4.   5.      1
  10.  12.  12.   4.   9.  12.   1.   3.      1
  10.  12.  12.   4.  10.  12.   1.   4.      1
  10.  11.   4.   3.  10.  10.   1.   2.      1
   9.  11.  11.   9.   9.  11.   1.   2.      1
  11.  10.  10.  10.  10.  10.   1.   1.      1
   5.  13.  13.   5.   8.  13.   5.   3.      1
  10.  12.  12.   9.   9.  12.   3.   3.      1
   5.  13.   5.   4.   9.  13.   3.   4.      1
   4.  14.   6.   4.   7.  14.   4.   4.      1
  10.  13.  12.   5.  10.  13.   2.   4.      1
  11.  10.   5.   4.  11.  10.   3.   3.      1
   6.  10.   4.   3.  12.  10.   3.   3.      1
  12.   9.   7.  13.  13.   8.   3.   2.      1
  11.  11.  11.   4.  10.  11.   2.   3.      1
   4.  12.   4.   4.   9.  12.   3.   4.      1
   5.  12.   5.   5.   9.  12.   3.   5.      1
   6.   7.   5.   5.   7.  13.   3.   6.      1
   5.   6.  14.   5.   7.  14.   5.   5.      1
   3.   5.   6.   5.   9.  10.   4.   4.      1
  11.   6.  10.   6.  10.  10.   3.   4.      1
   6.   8.   6.   8.   8.  13.   5.   7.      1
   5.   5.  12.   9.   9.  12.   4.   4.      1
   9.  13.  12.   6.   9.  13.   3.   4.      1
   6.   6.  11.   6.  10.  11.   3.   4.      1
  11.  12.  11.   5.  11.  11.   2.   2.      1
  10.  10.  11.  11.  10.  10.   1.   1.      1
   9.  11.  11.  10.  10.  11.   1.   1.      1
   5.   5.   4.   6.  10.  11.   3.   4.      1
   5.   5.   4.   5.   9.  12.   4.   4.      1
   6.   5.   7.   6.   9.  11.   5.   4.      1
   9.  12.  12.   8.   9.  12.   3.   3.      1
   4.   5.   3.   4.   9.  12.   3.   3.      1
   4.   4.   3.  11.  11.  10.   2.   3.      1
  11.  10.   5.  10.  11.  10.   5.   4.      1
   9.  12.  11.   4.   9.  11.   3.   3.      1
  10.   6.  10.   4.  10.  11.   2.   5.      1
   4.  14.   3.   3.   6.  14.   2.   4.      1
   5.   7.   4.   5.   7.  14.   5.   6.      1
   4.   6.  13.   4.   8.  13.   2.   4.      1
   7.   6.   7.  10.   4.   3.  12.   8.      2
   5.   6.   7.  10.   3.   2.  11.   9.      2
   6.   6.   6.   9.   3.   3.  12.   8.      2
   6.   6.   6.   5.   6.   6.  10.  12.      2
   4.   4.   4.  15.   4.   4.   8.  13.      2
   2.   2.   5.   3.   3.   4.   8.  13.      2
   5.   5.   6.   5.   4.   4.   8.  12.      2
   5.   7.   6.   6.   4.   5.   9.  11.      2
   5.   5.   6.   6.   4.   5.   9.  12.      2
   6.   7.   5.   4.   6.   5.   9.   9.      2
   6.   6.   5.   4.   6.   5.   6.   9.      2
   7.   4.   4.   4.   6.   4.   6.   9.      2
   4.   4.   7.   5.   4.   5.  11.   7.      2
   3.   5.   5.   4.   4.   5.   8.  10.      2
   3.   3.   3.   4.   4.   4.  13.   6.      2
   6.   6.   3.  11.   4.   5.   7.  11.      2
   7.   6.   4.  10.   5.   4.  10.  10.      2
   8.   5.   3.   4.   6.   3.   2.   9.      2
   8.   6.   8.   5.   6.   6.   5.   7.      2
   5.   4.   7.   4.   3.   5.   7.   6.      2
   7.   4.   6.   4.   5.   4.   9.   5.      2
   6.   8.   5.  11.   5.   5.   3.  11.      2
   8.   6.   6.   4.   6.   4.   4.  15.      2
   8.   6.   6.   5.   6.   5.   3.   9.      2
   5.   6.   7.  12.   4.   5.   4.  12.      2
   6.   6.  10.  11.   5.   5.   4.  11.      2
   6.   6.   4.  16.   4.   4.   4.  14.      2
   5.   4.   5.   7.   4.   3.   6.   9.      2
   6.   6.   5.   6.   5.   6.   4.  11.      2
   7.   7.   5.   5.   5.   6.   3.   9.      2
   5.   7.   5.   7.   5.   6.   6.  13.      2
   5.   6.   6.   6.   5.   5.   6.  13.      2
   4.   5.   6.   5.   4.   6.   7.  12.      2
   5.   2.   3.   1.   4.   3.  15.   4.      2
   6.   4.   4.   3.   5.   4.  14.   5.      2
   4.   4.   6.   2.   3.   5.  16.   5.      2
   6.   4.   5.   5.   5.   5.   6.   8.      2
   7.   5.   4.   5.   5.   4.   3.   8.      2
   4.   4.   6.  10.   3.   4.  12.   9.      2
   6.   4.   5.   4.   6.   4.  10.   8.      2
   6.   5.   7.   5.   5.   7.   7.  11.      2
   5.   4.   6.   4.   5.   5.   5.  12.      2
   7.   6.   4.   4.   6.   5.   5.   7.      2
   7.   6.   5.   4.   6.   6.   7.   8.      2
   6.   5.   5.   4.   5.   4.   8.  10.      2
   7.   6.   4.   3.   5.   5.  11.   8.      2
   5.   3.   5.   5.   3.   4.  14.   8.      2
   5.   4.   6.   5.   5.   5.  12.   7.      2
   7.   7.   5.   6.   3.   3.   4.   6.      3
   7.   6.   7.   6.   3.   4.   6.   5.      3
   6.   6.   5.   5.   4.   3.   4.   5.      3
   8.   8.   7.   6.   5.   7.   5.   5.      3
   6.   8.   7.   5.   5.   6.   2.   2.      3
   7.   7.   7.   7.   6.   6.   3.   2.      3
   7.   7.   7.   7.   5.   6.   5.   5.      3
   7.   7.   8.   7.   5.   6.   4.   5.      3
   8.   7.   7.   6.   6.   5.   4.   5.      3
   7.   8.   6.   5.   4.   6.   2.   4.      3
   9.   7.   7.   6.   8.   6.   4.   3.      3
   8.   8.   7.   6.   7.   6.   4.   4.      3
   7.   6.   6.   5.   3.   2.   5.   4.      3
   7.   6.   7.   5.   5.   5.   4.   3.      3
   7.   8.   7.   6.   6.   7.   2.   4.      3
   7.   8.   6.   6.   5.   6.   3.   4.      3
   8.   9.   7.   6.   6.   7.   3.   4.      3
   8.   8.   5.   4.   5.   6.   4.   5.      3
   8.   7.   7.   6.   6.   5.   4.   4.      3
   8.   7.   7.   6.   7.   6.   3.   2.      3
   8.   7.   7.   8.   7.   7.   2.   3.      3
   9.   8.   6.   7.   7.   6.   5.   5.      3
   8.   9.   7.   7.   7.   7.   4.   5.      3
  10.   9.   7.   7.   8.   7.   6.   6.      3
   8.   8.   7.   7.   6.   7.   6.   6.      3
   7.   9.   8.   5.   4.   6.   5.   6.      3
   8.  10.   8.   5.   6.   6.   4.   8.      3
   7.   6.   7.   7.   5.   4.   5.   6.      3
   7.   7.   7.   7.   4.   5.   5.   6.      3
   8.   8.   8.   6.   6.   5.   6.   5.      3
   8.   7.   6.   6.   6.   6.   3.   4.      3
   6.   6.   8.   6.   5.   6.   4.   4.      3
   8.   8.   8.   8.   7.   8.   4.   4.      3
   6.   6.   5.   5.   4.   4.   0.   2.      3
   6.   6.   8.   6.   4.   5.   1.   3.      3
   7.   6.   7.   5.   6.   5.   1.   2.      3
   7.   8.   6.   6.   4.   6.   5.   5.      3
   8.   8.   6.   7.   5.   5.   6.   6.      3
   7.   7.   7.   6.   6.   5.   5.   4.      3
   7.   7.   7.   6.   5.   5.   4.   5.      3
   7.   5.   8.   7.   5.   5.   4.   5.      3
   7.   6.   7.   6.   5.   5.   3.   3.      3
   7.   7.   7.   6.   6.   5.   4.   4.      3
   6.   8.   6.   5.   5.   6.   2.   4.      3
   6.   7.   5.   5.   5.   5.   1.   2.      3
   8.   6.   5.   4.   5.   4.   4.   2.      3
   6.   6.   6.   6.   5.   4.   2.   3.      3
   7.   6.   7.   5.   4.   6.   3.   3.      3
  10.   7.   6.   6.   9.   9.   7.  10.      4
  10.   4.   4.   4.   8.   8.   3.  10.      4
  10.   7.   4.   4.   9.   9.   3.   9.      4
   7.   7.   6.   5.  10.  10.  10.   8.      4
   6.  10.   6.  10.   8.   8.  13.   4.      4
   8.  10.   7.  10.   9.   8.  11.   4.      4
   5.   7.   8.   7.   8.   9.   9.   8.      4
   5.   6.   7.   7.   9.   9.   9.   7.      4
   6.   7.  11.   6.   8.  11.   7.  10.      4
   6.  12.  10.   4.   8.  11.   8.   3.      4
   7.  12.   8.   6.   9.  11.   9.   1.      4
  11.   8.   7.  10.  11.  10.   6.   9.      4
   9.   5.   6.   7.  10.   9.   7.   5.      4
  10.   5.   6.   4.   9.   9.   6.  11.      4
   7.   5.  11.   6.   9.  11.   5.   9.      4
   9.  11.   8.   8.   9.  10.   7.   6.      4
   9.  10.  10.   6.   9.  10.   3.   4.      4
  10.   9.   7.  10.  10.   9.   4.   6.      4
  11.   9.   5.   4.  11.   8.   5.   8.      4
   9.  10.   6.   5.   9.   9.   4.   9.      4
  11.   9.   5.   5.  10.   9.   4.  10.      4
  10.   8.   4.   5.  11.   9.   1.   9.      4
   8.  11.   5.   4.  10.  10.  11.   8.      4
  10.  10.  10.   4.  10.  10.   8.  10.      4
   6.  10.   6.   6.  10.   9.   9.   9.      4
   8.   7.   5.   6.   8.  10.   7.  10.      4
   6.   8.   5.   5.   9.  10.   8.  10.      4
   9.   9.   9.   8.   9.  10.   6.   8.      4
   6.  11.   8.   7.   8.  10.   9.   7.      4
   9.  11.   8.   7.  10.  10.   8.   8.      4
  10.   6.   5.   5.   9.   9.   7.   9.      4
  10.   7.  10.   6.   9.   9.   6.  11.      4
  11.   6.   6.   6.  10.   9.   6.  10.      4
   2.   3.  12.   7.   8.  12.   7.   8.      4
   4.  12.  11.   5.   7.  11.   8.   7.      4
   3.   3.  10.   4.   9.  10.   8.   9.      4
   8.  11.   4.   4.   8.  11.   7.   3.      4
   9.   9.   5.   4.   8.  10.   3.   4.      4
  11.   8.   5.   4.  10.   8.   2.   6.      4
  10.  10.   6.   8.  10.  10.   5.   3.      4
   8.   4.   6.   4.   8.   9.   7.  10.      4
   6.   5.   6.   7.   9.  10.   8.   6.      4
   9.  11.  11.   8.  10.  11.   4.   3.      4
  10.   9.  10.   8.  10.  10.   4.   7.      4
   9.  10.  11.   7.   9.  11.   2.   7.      4
  10.   5.   8.   3.   9.   9.   5.   9.      4
  11.   7.   4.   5.  11.   9.   4.   7.      4
   8.   7.  10.   7.  10.   9.   8.   8.      4
